000000
000002
000003
000004
000005
000006
000009
000010
000011
000012
000014
000017
000018
000019
000020
000022
000023
000024
000025
000026
000027
000028
000029
000030
000031
000032
000033
000034
000035
000037
000038
000039
000040
000042
000043
000044
000045
000047
000050
000051
000053
000055
000056
000057
000058
000060
000061
000062
000063
000064
000065
000066
000067
000068
000069
000072
000073
000074
000075
000077
000078
000079
000080
000081
000083
000085
000086
000087
000088
000089
000091
000092
000093
000095
000101
000105
000107
000108
000109
000110
000111
000113
000114
000115
000116
000117
000118
000119
000120
000121
000122
000123
000125
000126
000128
000129
000130
000135
000136
000138
000140
000141
000142
000143
000144
000146
000147
000149
000150
000151
000152
000153
000154
000155
000158
000159
000160
000161
000162
000163
000164
000165
000166
000167
000168
000169
000173
000174
000175
000176
000177
000178
000179
000180
000181
000182
000184
000185
000186
000187
000188
000189
000190
000191
000193
000194
000196
000197
000198
000200
000201
000203
000204
000206
000208
000212
000213
000214
000215
000216
000217
000218
000219
000220
000221
000222
000225
000226
000227
000228
000229
000230
000231
000232
000233
000234
000235
000238
000239
000240
000241
000243
000244
000245
000246
000247
000249
000250
000251
000253
000256
000257
000260
000261
000262
000263
000265
000269
000270
000273
000274
000275
000276
000277
000279
000280
000281
000282
000283
000284
000285
000287
000290
000291
000292
000293
000296
000297
000299
000300
000301
000302
000303
000304
000305
000306
000307
000308
000309
000311
000312
000314
000315
000316
000317
000319
000321
000322
000323
000324
000330
000332
000333
000334
000335
000336
000337
000338
000339
000341
000343
000345
000346
000347
000350
000351
000352
000353
000357
000360
000361
000362
000365
000366
000367
000368
000369
000371
000372
000373
000374
000375
000376
000377
000378
000380
000381
000383
000385
000387
000388
000390
000392
000393
000395
000396
000397
000398
000399
000400
000401
000402
000404
000407
000409
000411
000412
000414
000416
000417
000419
000420
000421
000422
000423
000424
000425
000426
000428
000429
000430
000431
000432
000433
000434
000436
000437
000439
000441
000442
000443
000444
000445
000446
000447
000449
000450
000451
000452
000453
000454
000455
000456
000458
000459
000461
000462
000464
000466
000467
000468
000469
000470
000472
000473
000475
000476
000477
000478
000481
000482
000483
000484
000485
000487
000488
000489
000490
000491
000493
000494
000495
000496
000497
000498
000499
000500
000501
000502
000505
000506
000507
000508
000509
000512
000515
000516
000517
000518
000519
000520
000522
000523
000525
000526
000527
000528
000529
000530
000532
000533
000534
000538
000540
000541
000544
000545
000548
000549
000550
000552
000553
000554
000555
000556
000557
000558
000559
000562
000563
000564
000565
000566
000567
000568
000569
000570
000571
000572
000573
000574
000575
000577
000578
000579
000580
000582
000583
000584
000585
000586
000587
000588
000589
000592
000595
000596
000597
000598
000600
000601
000602
000603
000604
000605
000607
000609
000610
000612
000613
000614
000615
000617
000618
000619
000621
000622
000623
000624
000625
000626
000627
000629
000630
000631
000632
000633
000634
000635
000637
000639
000640
000641
000642
000645
000646
000648
000649
000650
000651
000652
000653
000654
000655
000656
000657
000658
000660
000661
000663
000664
000669
000672
000675
000676
000678
000679
000680
000681
000682
000684
000685
000686
000687
000689
000690
000692
000694
000696
000697
000698
000699
000700
000702
000703
000704
000710
000711
000713
000714
000715
000716
000717
000718
000719
000720
000721
000723
000724
000726
000728
000729
000730
000731
000732
000733
000734
000735
000736
000739
000740
000741
000742
000748
000750
000751
000752
000754
000755
000758
000759
000761
000762
000764
000767
000768
000769
000772
000774
000775
000777
000779
000783
000784
000785
000786
000787
000788
000789
000792
000793
000795
000796
000798
000801
000802
000806
000807
000809
000810
000811
000812
000813
000815
000816
000817
000818
000819
000820
000821
000822
000823
000825
000827
000828
000829
000830
000831
000832
000833
000834
000836
000839
000841
000842
000843
000844
000845
000846
000847
000848
000849
000852
000853
000855
000856
000857
000858
000859
000860
000861
000862
000863
000864
000865
000867
000869
000873
000876
000877
000878
000879
000880
000881
000883
000884
000886
000887
000888
000889
000892
000893
000894
000896
000897
000899
000900
000901
000903
000904
000905
000906
000909
000911
000913
000914
000915
000916
000917
000921
000924
000925
000926
000930
000932
000933
000935
000937
000938
000939
000940
000941
000943
000944
000945
000947
000949
000950
000951
000953
000954
000955
000957
000958
000959
000961
000962
000963
000965
000967
000968
000969
000970
000971
000972
000973
000974
000975
000977
000978
000979
000980
000981
000982
000983
000984
000985
000986
000987
000988
000989
000990
000991
000992
000993
000994
000995
000998
001000
001001
001003
001006
001008
001009
001010
001013
001014
001017
001019
001021
001023
001024
001025
001026
001027
001028
001029
001030
001033
001034
001035
001036
001039
001041
001043
001045
001049
001052
001053
001055
001060
001063
001067
001068
001070
001071
001073
001074
001075
001076
001077
001078
001080
001083
001085
001086
001087
001089
001091
001093
001094
001097
001099
001100
001101
001103
001104
001105
001106
001107
001108
001109
001110
001112
001113
001114
001115
001116
001118
001119
001125
001126
001129
001131
001132
001134
001136
001138
001140
001143
001146
001148
001149
001151
001152
001154
001155
001156
001157
001158
001159
001160
001162
001165
001166
001167
001168
001169
001170
001172
001174
001177
001179
001180
001181
001182
001183
001184
001188
001189
001190
001191
001192
001195
001198
001199
001200
001201
001202
001203
001204
001207
001208
001209
001210
001211
001212
001213
001214
001218
001219
001220
001221
001226
001227
001228
001230
001232
001234
001235
001236
001237
001238
001239
001240
001243
001244
001245
001246
001248
001250
001251
001252
001253
001254
001255
001257
001258
001260
001261
001263
001264
001265
001267
001268
001269
001270
001271
001273
001275
001276
001278
001279
001280
001281
001282
001283
001284
001285
001286
001288
001289
001290
001291
001292
001293
001294
001297
001298
001300
001301
001302
001305
001306
001307
001308
001309
001310
001311
001313
001314
001315
001316
001317
001319
001320
001321
001322
001323
001324
001325
001328
001329
001331
001332
001333
001334
001335
001338
001339
001340
001341
001342
001344
001347
001350
001351
001353
001354
001355
001357
001358
001362
001363
001364
001366
001367
001368
001369
001370
001371
001372
001373
001375
001377
001380
001381
001383
001385
001386
001387
001390
001391
001392
001393
001394
001395
001397
001398
001402
001405
001406
001407
001410
001411
001412
001416
001417
001418
001419
001420
001423
001424
001425
001426
001427
001428
001429
001430
001431
001432
001434
001435
001437
001438
001440
001441
001443
001444
001447
001448
001450
001452
001453
001454
001455
001456
001457
001458
001459
001461
001462
001463
001465
001466
001467
001468
001471
001473
001474
001475
001477
001478
001480
001481
001482
001485
001486
001487
001488
001491
001492
001493
001494
001496
001499
001500
001501
001502
001504
001505
001507
001510
001511
001513
001516
001517
001518
001519
001520
001521
001523
001524
001525
001526
001527
001528
001529
001530
001531
001532
001533
001534
001536
001537
001539
001540
001541
001542
001543
001545
001546
001547
001548
001549
001552
001553
001555
001556
001557
001558
001559
001560
001561
001563
001567
001568
001569
001570
001571
001574
001576
001577
001578
001580
001581
001583
001585
001586
001587
001588
001590
001591
001592
001595
001597
001599
001600
001601
001604
001605
001606
001607
001608
001609
001610
001611
001613
001615
001616
001617
001620
001621
001622
001623
001624
001625
001629
001630
001631
001633
001635
001636
001638
001640
001641
001643
001644
001645
001646
001647
001648
001649
001650
001651
001652
001653
001654
001656
001661
001662
001664
001666
001667
001668
001669
001670
001671
001672
001673
001675
001677
001678
001682
001684
001685
001686
001687
001689
001690
001691
001693
001696
001697
001698
001699
001700
001701
001702
001705
001706
001707
001708
001710
001711
001712
001713
001715
001716
001717
001718
001719
001720
001721
001723
001724
001727
001728
001729
001731
001732
001734
001735
001736
001737
001740
001741
001742
001744
001745
001746
001747
001748
001749
001750
001751
001752
001753
001757
001758
001759
001760
001762
001763
001765
001766
001767
001768
001770
001772
001773
001776
001777
001778
001779
001781
001782
001783
001784
001785
001786
001788
001789
001790
001791
001792
001794
001795
001797
001799
001800
001801
001802
001803
001804
001806
001807
001808
001810
001812
001815
001816
001817
001818
001819
001820
001823
001824
001825
001828
001830
001831
001832
001833
001834
001835
001836
001837
001838
001839
001841
001842
001843
001844
001845
001846
001847
001848
001849
001850
001851
001852
001853
001855
001859
001860
001861
001863
001864
001866
001868
001869
001870
001872
001874
001875
001876
001878
001881
001882
001883
001884
001885
001886
001890
001891
001892
001893
001894
001896
001897
001898
001899
001902
001905
001907
001908
001909
001910
001911
001913
001917
001919
001920
001921
001922
001924
001927
001928
001930
001931
001932
001936
001937
001938
001939
001940
001941
001942
001943
001944
001945
001946
001947
001948
001949
001951
001953
001954
001955
001956
001960
001961
001964
001966
001967
001968
001969
001970
001971
001972
001973
001974
001975
001977
001978
001979
001980
001981
001982
001983
001984
001987
001989
001990
001991
001994
001995
001996
001997
